"C1"	"C2"	"C3"	"C4"	"C5"	"C6"	"C7"	"C8"	"H1"	"H2"	"H3"	"H4"	"H5"	"H6"	"H7"	"H8"
"SM (OH) C16:1"	0.295721985653861	2.99146378573876	0.262377964596043	0.29051773915143	0.161907987339809	0.384071566526529	0.188607076513916	0.350901584581252	0.238635149565829	0.145136030898918	0.196087239703527	0.2792325660219	0.287673994976149	0.225115006692126	0.20518621358629	0.262692164257054
"SM (OH) C22:1"	0.461203718558612	3.33853969458138	1.01392496203666	1.33616798411191	0.348069397884367	0.536549416907848	1.49783832929093	0.251509771331986	0.384144387105969	0.479559506627168	0.821812781033887	0.38833668122251	2.02533556847631	1.63220970176551	2.11568612517894	0.290638139178017
"SM (OH) C22:2"	0.307979891794954	3.33853969458138	0.60015189603003	0.978361209789376	0.266787655252236	0.546618708914161	0.564524960974641	0.188480816588548	0.225830336662297	0.279938752154547	0.52130510067523	0.229303564150435	0.896768357416034	0.69045340978726	0.654591493729011	0.183046135732309
"SM (OH) C24:1"	0.0796763899171024	1.22302939306446	0.258155790453119	0.2520668619108	0.0707937758408882	0.140970088088389	0.412861538623245	0.0484838113411057	0.100110355427616	0.0765604305389113	0.169782853889639	0.0980087814513954	0.420999827263172	0.311736441034511	0.461009641836548	0.0894271197470821
"SM C16:0"	5.37968855767205	61.6638198043719	10.1941378842247	16.0222669301861	6.88338370467747	21.5784927695298	9.46340867415699	3.79446428508328	3.13252286576413	8.12620864266077	10.2834206480293	3.51537157620948	16.4311640861281	11.7346862884413	13.5565318133193	3.46669818894548
"SM C16:1"	0.664991408154278	4.09880120918902	1.25519205591808	2.04110073352347	0.951127488380821	2.86399434065288	1.20617790169209	0.170905434977398	0.149001459241103	0.850619261999806	1.17253792521906	0.159033117072076	2.07512529837603	1.36025868696965	1.61458868840008	0.188635330716501
"SM C18:0"	61.291062943731	1021.41134487536	29.4955053947382	24.4600983246577	20.3866409484024	9.78303641927687	13.2225875187642	85.4533235363405	69.8455980931674	10.0519618034555	21.2834365338369	84.1414634871687	14.550218734361	15.2599772209801	11.1829123759458	83.9790519362404
"SM C18:1"	5.70145859387573	123.476386426819	3.15517042023426	2.64990628983345	2.27523329577521	1.46867816263515	0.992293588119605	9.81857784421566	7.20678151688804	1.26864860666012	2.55949644995132	7.4357228342653	2.06406091395387	1.84876328762147	1.50909449118348	8.34327081265355
"SM C24:0"	2.28456725704615	29.6006167970062	4.3856325990295	4.78606613653514	1.08878205251588	1.59814048843061	5.83385668626033	2.24904279858554	2.78330069566779	1.45652696381082	3.04572903620803	2.64623709918768	7.08175924940324	5.74169170312513	7.17413288171497	2.18118334258117
"SM C24:1"	4.06196364750459	60.6721743505358	8.32431790664367	12.177179206123	2.78652167684829	4.40315754733223	7.97269982198515	5.0974667148755	5.58871879544169	3.27894702817264	7.07109716833328	5.62348498856025	11.0096157192699	8.61228574819252	8.59830454413909	4.34699639895582
"SM C26:1"	0.0643540072407366	1.10733742345026	0.134506404838891	0.181573586969644	0.0268754149025594	0.040277168025254	0.13286752812836	0.0903010986228093	0.112915168331148	0.0418029344660313	0.0932610042492384	0.138691671865182	0.147156312814722	0.10626234096653	0.123428210743423	0.108989302191756
"C14:1"	0.0337092418880049	1.66926984729069	0.0162855288369958	0.013885039003561	0.00983246886679002	0.0115077622929297	0.00453693998487083	0.0333326202970102	0.0256096258070646	0.00939391785753513	0.0183333598096793	0.0369844458307152	0.0121708228643755	0.00805780784580318	0.0079120647912451	0.0335351699051558
"C18:2"	0.0720151985789195	1.17344712037266	0.0114601869593674	0.013885039003561	0.00852147301788469	0.0172616434393946	0.0051850742684238	0.0181814292529146	0.0209533302057801	0.0117423973219189	0.0167391546088377	0.0295875566645722	0.0110643844221596	0.00856142083616588	0.00896700676341111	0.0293432736670113
"C2"	2.97407447748261	93.7270228117376	6.45449792906267	8.2573258874254	3.32402997489948	12.5305146667138	4.94591271779275	3.38841236510152	3.30713395081229	3.776824674622	4.83920988715493	3.4229104616327	3.48583431220137	3.04736220468469	3.43436359038646	4.05356366228571
"lysoPC a C16:0"	8.87319180788346	14.8085721106184	100.126447128524	211.480892903391	121.267771521668	7.89864034380963	166.571159007398	6.78833963539656	6.74115195675959	103.333566128779	157.030009385506	4.88379607194595	161.540565782751	103.241166637344	139.780338782983	5.12948369674279
"lysoPC a C16:1"	0.395317473050239	1.61968757459889	5.77291838884766	15.4882269685106	10.947470836284	0.126585385222227	12.1207592367242	0.126663957128639	0.111751094430827	7.75045192835936	7.4696484685437	0.177525339987433	9.18399228961356	6.95036287999561	6.85765029006517	0.107592003445708
"lysoPC a C17:0"	0.257416028962946	0.512350151148627	1.62312437408725	2.60718309289942	1.83604968639192	0.138093147515157	2.10708455583072	0.0587866212510906	0.0512192516141292	1.56455701917248	2.98993185417857	0.046230557288394	2.63940890390617	2.11064204261007	1.97326895893653	0.0293432736670113
"lysoPC a C18:0"	7.5094997496869	9.65201575067091	33.6573627641927	58.852271856555	33.6276990223463	2.67699320339277	50.4903088230603	2.53994566663217	2.52720443759715	32.5034254829644	66.3994437176565	1.72902284258594	79.66412105877	43.2608594851462	74.901407494773	1.77596670622721
"lysoPC a C18:1"	2.36117917042798	7.23901181300318	22.9209770864695	49.6667845157377	26.679421023148	3.43938245529937	35.5832203013419	2.70963900632604	3.21400803878661	24.8004128397856	35.3921525612857	1.86956373674266	32.0872680434839	27.0948824945036	26.6905593667862	2.51653504163273
"lysoPC a C20:4"	0.845795523735395	0.991645453836053	10.7973056189282	17.0903468535369	12.7828650247515	1.29750019852782	18.0835946454116	0.764226076264178	0.690295822890423	10.4277185177569	36.3486756817908	0.656473913495195	39.0025083073336	32.030289800058	37.2399790884463	0.799254882739546
"lysoPC a C24:0"	0.208384404398576	1.25608424152567	0.267203306473672	0.3781002928662	0.192060891864632	0.204262780699502	0.268327593390932	0.152117958082719	0.284034031678353	0.164863258399742	0.31246421936497	0.140540894156718	0.343549136308055	0.238208944441557	0.338108902079207	0.0978109122233711
"lysoPC a C28:1"	0.0888698195229219	0.809843787299443	0.0675547862867974	0.0651528753244016	0.0498178422584028	0.109323741782832	0.0687022340566154	0.0424233349234675	0.0628599906173403	0.0300605371441124	0.0821015678433466	0.118350226658289	0.0597476758796617	0.0584191068820731	0.0622415763577948	0.164881252033683
"PC aa C28:1"	0.185400830384027	0.528877575379228	0.0784118055114612	0.0886506336381203	0.0557173235784768	0.210016661845967	0.0589802198033208	0.104846242025141	0.0651881384179826	0.0568332030380875	0.090072593847555	0.0684212247868232	0.0990262405783282	0.0780600135062184	0.0733184670655379	0.118770393414093
"PC aa C30:0"	2.80552826804259	3.07410090689176	1.59899766469911	1.3254871848784	1.20021669967284	5.62585729095601	1.08951373065255	6.78833963539656	3.57487094788615	0.498347342342239	1.34790049731164	3.95918492617807	1.33934373430242	0.776067618148919	0.839206338858063	4.5146722484816
"PC aa C32:0"	248.224131595394	69.1011607081423	98.3169439244131	81.9227982009333	127.167252841742	315.026431239237	62.3511662120798	372.113858090628	268.902235048078	36.1200838581155	82.8994675463679	323.61575024105	60.8546675410988	51.8726416203484	40.0883224132946	399.628838668519
"PC aa C32:1"	13.4852289934696	4.11532863341962	11.4607901271021	15.2746109838405	31.333456286762	21.146951683545	14.0651620873831	31.5150834193605	17.9279021388455	21.9352678932374	10.6022616881976	21.4528278041064	16.1545544755741	10.6770990086796	8.38731614970589	27.5281825958948
"PC aa C32:2"	3.55632501918451	0.512350151148627	1.39995231224693	1.78476155191927	3.52723433147981	0.188439607546724	2.24319275537685	0.649077024329052	0.0745007296205515	4.51894418536727	2.13703207172827	0.160882339363611	3.46923773556814	2.81570022911785	2.20535619281305	0.783884596533017
"PC aa C32:3"	0.0674184837760097	0.214856514997811	0.0591104380009477	0.0939910332548745	0.165840974886525	0.128023855508843	0.0823130540112279	0.0648470976687288	0.048891103813487	0.212302543580294	0.0725363366382965	0.0425321127053225	0.123921105528187	0.116334600773783	0.0754283510098699	0.0656730410642634
"PC aa C34:1"	357.013048597592	83.149471304153	173.109743027653	204.004333439935	246.467875092127	569.635671970307	145.18272765015	512.11086333807	399.278511884044	128.697144344124	151.45029118256	478.950422730054	140.518235380648	108.780909531333	85.9782982025162	575.688480670587
"PC aa C34:2"	32.9446549924542	4.57809651187644	116.411975965519	221.093612213549	243.190385469864	21.2907987122066	155.552876186998	22.7879973779614	12.2239400272721	291.211923279482	156.232906785085	13.6306175109101	251.715298823352	127.918203165116	168.791243017548	17.467631624348
"PC aa C34:3"	1.03426083065469	0.462767878456824	3.19136048431647	7.47762754337928	12.5206658549704	0.64587315869068	6.1319984566947	0.643016547911414	0.34340180059473	12.9640763392914	4.88703604318018	0.386487458930974	8.18819769161919	7.15180807614069	5.48622572624935	0.497438353593144
"PC aa C34:4"	0.202255451328029	0.314021060381417	0.468058162129953	0.536176121522125	1.28543142985168	0.238786067578291	0.804334645889242	0.256358152466096	0.137360720237892	1.65849619774783	1.06891458716435	0.147937783322861	1.8372410332996	1.7984019885852	1.19788660939451	0.234746189336091
"PC aa C36:0"	1.79425101140244	7.27206666146438	0.694246062643784	0.746587866422242	0.721703214822388	0.632926926111134	0.843222702902421	1.54602753413951	0.835805060430562	0.775467919139525	0.751667752196853	1.12617637554528	0.974219048371151	0.360586901099692	1.01327176426546	0.816022467692124
"PC aa C36:1"	105.572748878428	22.4938243778478	45.1778664970305	47.3170086843659	42.3458214175668	138.66997410009	33.7036308790383	160.603231115054	133.869662610829	15.2186166250998	43.6820196056625	146.830099170231	32.5851653424811	23.4185076648559	19.1477242657992	171.86914306267
"PC aa C36:2"	35.3962362206728	7.4703957522316	59.714208903386	91.7491334957611	79.3159043566973	38.983983237586	69.9991507580049	47.454136397749	32.0131963327311	79.8487714849415	79.7110571446845	35.5069172197782	127.794193295164	55.90154554325	91.2530080633462	45.553336419916
"PC aa C36:3"	9.97640336058181	1.65274242306009	21.1114738823589	42.9378809986274	43.9845662286985	6.74786411451666	31.3703474582475	7.75801586221867	4.8786337162458	55.8942809482269	38.6602732230112	6.08579056144419	49.1817419757204	34.2461869576539	31.7542808331831	7.68654040201092
"PC aa C36:4"	84.8875322653344	12.7095892333321	71.7775635974569	94.2057173194681	156.009161517659	171.179402577616	84.9062392797233	141.209706578612	96.0372608503926	127.757752558371	116.377776764043	115.208397984969	174.817827089342	119.35678232895	120.263912297912	148.115064379851
"PC aa C36:5"	1.12466288844525	0.413185605765022	2.31676726899633	4.4763229587634	8.06327996869227	1.31044643110737	4.3237038055819	1.09755227923428	0.672834714385606	8.03226946408541	2.98196082817437	0.911666589727131	5.36124747175742	4.54309278606191	3.71392321301045	1.20726611658561
"PC aa C36:6"	0.585315018237175	0.413185605765022	0.233425913330273	0.351398294782429	0.542096783522356	0.415717912832086	0.358418258804795	0.37271929968475	0.256096258070646	0.57349868520252	0.30369609076034	0.286629455188043	0.390019550881125	0.372169999878035	0.309097997844642	0.394038246385581
"PC aa C38:0"	0.675717076027734	0.826371211530044	0.377583001924421	0.455002047347461	0.436561617685477	0.72930443531442	0.397954450101527	0.649077024329052	0.600662132565697	0.43305961323237	0.308478706362865	0.613941800789873	0.409935442841012	0.221086102769225	0.314372707705472	0.733581841675283
"PC aa C38:1"	2.94342971212988	1.25608424152567	1.37582560285879	1.3254871848784	0.721703214822388	3.51130596963018	0.836741360066891	5.0186805214462	4.38972267811094	0.272893313761396	1.26021921126535	4.36601383031593	0.559304632540167	0.487497374671093	0.241581711626017	4.64042913562593
"PC aa C38:3"	3.66358169791907	1.76843439267429	6.51481470253302	11.9635632214528	8.1943795535828	2.84960963778672	9.1393415323805	2.62479233647911	2.25946744052329	9.67620508915406	9.48631804760842	2.81266710542589	15.0481160333581	6.69855638481426	8.59830454413909	3.48067117640596
"PC aa C38:4"	62.5168535578403	10.3792224168173	42.3429781439238	47.1033926996957	60.8308628871321	92.926618985694	45.8237419814789	95.1500858045617	71.0096719934885	42.414008822664	82.8994675463679	80.6279411332508	125.581316410732	73.0243872155817	93.8903629937612	97.3931198983027
"PC aa C38:5"	19.1545105837249	3.65256075496279	13.9337778393867	20.2945866235894	28.5803650040608	31.6477847758433	18.6669155006092	33.2120168162992	21.3037164497768	23.9549602326075	30.928377998929	22.932205637335	35.7938368249073	39.1312329641721	26.8488006626111	30.0433203387814
"PC aa C38:6"	29.880178457181	6.54485999531795	25.5749151191651	34.9272815734961	42.6735703797931	55.3825445050108	25.6667657629814	73.3323707010641	33.4100850131164	36.7776581081429	36.7472269820012	40.1299729486176	41.4919948023195	35.3037742374156	33.494935087257	53.098749648576
"PC aa C40:2"	1.01587397144306	0.545404999609829	0.573612515703074	0.688911550561296	0.320538485057355	1.25866150078919	0.462767878456824	1.68541849174519	1.52610088332099	0.169560217328509	0.594638539913947	1.48862394468629	0.553772440329087	0.247273978268085	0.367647277299855	1.53842591939902
"PC aa C40:3"	0.272738411639312	0.694151817685237	0.290123680392407	0.465682846580969	0.327093464301881	0.412840972258853	0.360362661655454	0.268479105301373	0.31197180528606	0.284166015190438	0.271811986743507	0.316217011852615	0.362358589825726	0.175257320646219	0.23683447275127	0.322776010337125
"PC aa C40:4"	4.53695751047193	1.07428257498906	1.89454985470384	1.97701593812242	1.8294947071474	5.22308561070347	1.58857712898834	6.60652534286741	4.31987824409167	0.860013179857341	2.20877130576615	4.51395161363879	2.69473082601697	1.57681227282561	2.03129076740566	5.98183593183217
"PC aa C40:5"	3.72487122862454	0.314021060381417	2.47359088001925	3.81411340628587	3.94675300312952	5.06485387917569	4.06445009216071	4.93383385159927	3.49338577486367	3.0957656299507	5.34138452542005	3.49687935329413	8.74141691272717	5.69133040408886	6.48842059980706	4.91988888483557
"PC aa C40:6"	15.4771387413971	8.37940408491464	10.5560385250468	14.3133390528247	13.7661119114305	22.1538808841763	11.2781846681053	30.2423833716564	15.8325691182675	10.7095360534829	15.5442978108068	18.4940721376492	18.5333971263384	12.8929961662755	17.1433345186838	22.9170967339358
"PC aa C42:1"	2.00876436887156	0.644569544993434	0.475296174946396	0.557537719989142	0.175017945828862	1.81391103142305	0.47702683269499	2.10965184097986	2.87642660769348	0.138090592505766	0.380217940400741	2.29488486379588	0.342442697865839	0.136479120388291	0.180922548226471	2.26502126734406
"PC aa C42:2"	1.26256433253255	3.27242999765897	0.464439155721732	0.602397076769878	0.184850414695652	1.41257782145712	0.419991015742328	1.66117658607463	2.00337118245264	0.149363293934809	0.505363048666813	1.63841095030069	0.52279216394704	0.187344032414924	0.329141895315796	1.74802073130625
"PC aa C42:4"	0.594508447842995	0.479295302687425	0.216537216758574	0.221092544133625	0.171084958282146	0.647311628977296	0.180181330827727	0.867254175364028	0.587857319662164	0.071393775717267	0.194493034502685	0.59360035558298	0.234564949749783	0.109787631899068	0.161933592727483	0.769911609072535
"PC aa C42:5"	0.409107617458968	0.413185605765022	0.208696036207428	0.230705263443783	0.195993879411348	0.49771071916921	0.197680956483657	0.545442877587439	0.38530846100629	0.128696674648231	0.208043778709839	0.373542902890224	0.215755496232112	0.141515250291918	0.141889695256329	0.5687005896416
"PC aa C42:6"	0.265077220301129	2.76007984651035	0.142347585390037	0.194390546049854	0.224835788087265	0.24310147843814	0.258605579137637	0.332720155328338	0.192072193552984	0.248469127331804	0.255072832134669	0.220057452692756	0.284354679649501	0.216553585855961	0.225757582043527	0.273870554225439
"PC ae C30:1"	0.0459671480290976	0.165274242306009	0.0361900640822129	0.0448593567807356	0.0314639003737281	0.163985612674248	0.0343511170283077	0.0515140495499248	0.0465629560128447	0.0136211808934259	0.0255072832134669	0.0425321127053225	0.0342995917086947	0.0141011637301556	0.0232087233876523	0.0461108586195892
"PC ae C30:2"	0.0291125270850951	0.132219393844807	0.00965068375525677	0.0170892787736136	0.011798962640148	0.0489079897449513	0.0103701485368476	0.00787861934292968	0.0151329607041745	0.0117423973219189	0.0159420520084168	0.0110953337492146	0.0182562342965633	0.0141011637301556	0.0121318326799092	0.00838379247628895
"PC ae C32:1"	3.49503548847905	0.975118029605452	1.99105669225641	1.88088874502084	2.62920217497965	4.40315754733223	1.53024504346857	5.18231338472243	4.61089671917195	1.7054657870355	1.65877051147577	4.66188939696166	1.35594031093566	1.07823541236654	0.928876406492174	5.32510552118953
"PC ae C32:2"	0.260480505498219	0.76026151460764	0.164061623839365	0.215752144516871	0.264165663554425	0.339478987641426	0.146478348082972	0.250903723690222	0.226994410562618	0.303423546798385	0.116376979661443	0.179374562278969	0.133325832287023	0.113312922831607	0.0954722484810242	0.293432736670113
"PC ae C34:0"	3.84745029003546	1.12386484768086	1.46630076306433	1.5711455672491	1.77049989394666	4.05792467854434	1.30987938706056	4.58838669579389	3.97065607399533	1.24516381201628	1.27616126327377	3.99616937200878	1.14571700691462	0.781103748052546	0.802283369832253	4.5146722484816
"PC ae C34:1"	23.1383300795801	6.89193590416056	15.5623307230862	13.1384511371388	16.584752986577	39.4155243235709	10.6948638129076	47.7571602186309	36.6694919340155	7.93833028551006	13.790672089881	34.5823060740103	8.74141691272717	7.35325327228577	4.60534917949073	36.470894570603
"PC ae C34:2"	5.39501094034842	1.32219393844807	4.60880466086981	4.51904615569743	6.68673432734167	6.44578535432725	3.98019263529882	8.18224921145335	8.09147768113209	6.62318178545514	4.99065938123488	6.71452614056635	4.69185221421677	3.58119197446915	2.75392601833938	8.63670354932367
"PC ae C34:3"	0.678781552563007	1.18997454460326	0.37577349872031	0.559673879835844	0.568972198424916	0.353863690507589	0.401195121519292	0.296963344464272	0.209533302057801	0.789558795925828	0.24630470353004	0.181223784570505	0.371763316584562	0.234683653509018	0.26320802205542	0.287843541685921
"PC ae C36:0"	1.08022797868379	4.82600787533545	0.259965293657229	0.311879337618447	0.337581431093124	1.20112268932454	0.307863784687663	0.430293825652313	0.459809190626842	0.449498969483056	0.259058345136773	0.515933019338478	0.346868451634703	0.211517455952334	0.233669646834772	0.4555193912117
"PC ae C36:1"	7.37159830559961	3.35506711881198	3.91516176596073	3.75002861088482	3.85498329370614	9.68234349921373	3.14409940951548	11.5155112411544	9.60477375154954	2.1986464745561	3.66746906453629	9.34042179454713	2.65600548053941	1.87898006704323	1.32447964605443	9.50302877187352
"PC ae C36:2"	6.14580769149034	2.52869590728193	5.54974632700735	6.27069722999282	7.2111326669038	9.91249874507233	4.77739780406898	11.1518826560961	8.54546650225732	6.10651630329071	6.53703842605131	9.15549956539356	6.36257426196286	4.10494948444636	3.64535198481966	8.90219031107282
"PC ae C36:3"	1.97811960351883	0.545404999609829	1.58693431000503	1.96633513888891	2.31456317124237	2.90714844925137	1.45246892944222	3.27932378958404	2.74837847865816	2.15167688526842	1.65079948547156	2.66472932210303	1.39466565641321	0.99262120400488	0.786459240249763	3.27107636449874
"PC ae C36:4"	3.37245642706812	1.78496181690489	3.07072693737576	3.53641262621465	4.70713059549461	4.87785274191558	3.20243149503525	4.30960478058253	2.88806734669669	4.79136780323579	3.73920829857416	3.0715582262409	5.21187828205827	3.65673392302356	3.82996682994871	3.075454540052
"PC ae C36:5"	1.73296148069698	0.594987272301631	1.35169889347065	1.62454956341664	1.77705487319118	2.02968157441548	1.40709952959351	1.71572087383338	1.47953792730814	2.09531337812321	0.981233301118055	1.41835349760793	1.65467869033396	1.01780185352301	1.2664578375853	1.81788566860865
"PC ae C38:0"	0.707894079648102	2.46258621035953	0.487359529640467	0.94631881208885	1.29854138834074	0.844382058243717	0.758965246040534	0.770286552681816	0.494731407636475	1.26864860666012	0.645653106340881	0.475250128924691	0.835914243094156	0.907006995643221	0.749536271223952	0.732184542929235
"PC ae C38:1"	1.01587397144306	0.727206666146438	0.460216981578807	0.522291082518564	0.409030704858465	1.14646081843312	0.40508392722061	1.10361275565192	1.10703427920538	0.349453744300307	0.432826712028517	0.920912701184809	0.374529412690102	0.228640297624665	0.153494056950155	0.969725329757422
"PC ae C38:2"	1.15837213033326	0.925535756913649	1.39995231224693	1.90225034348786	1.59351545434444	1.15509164015282	1.51728235779751	1.31572943026926	1.18851945222786	1.57864789595878	2.02543770766936	1.1169302640876	2.48450752199593	1.24442769918623	1.50909449118348	1.14997686799763
"PC ae C38:3"	0.796763899171024	0.809843787299443	0.706309417337855	1.04244600519043	1.19366172042831	0.783966306205836	0.843222702902421	0.661197977164329	0.552935102652531	1.49410263524096	0.925436119088596	0.617640245372944	1.19550673681434	0.760959228438038	0.60711910498154	0.72799264669109
"PC ae C38:4"	2.17731057831159	1.27261166575627	1.84026475858052	2.10518552892452	2.99628101267315	2.74891671772358	1.86727487091612	2.40661518544413	1.57266383933383	2.68713020314792	3.3008018683427	1.73641973175208	4.60886933105057	3.29916869986604	3.04403506068503	2.09734541781829
"PC ae C38:5"	2.36117917042798	1.65274242306009	1.99105669225641	2.81011827833608	3.02250092965125	2.0584509801478	2.56077855431781	2.13389374665041	1.4329749712953	3.57015848175623	2.19282925375773	1.47567938864554	3.57434938757865	2.05020848376655	2.68008008028776	1.87377761845058
"PC ae C38:6"	1.49546454921331	0.479295302687425	1.08630509020109	1.34684878334542	1.48208080718748	2.0584509801478	1.10247641632361	1.73996277950393	1.23508240824071	1.50819351202727	1.08485663917276	1.32404316073961	1.2618930433473	0.977512814293999	0.913052276909684	1.66418280654336
"PC ae C40:1"	0.726280938859741	0.875953484221846	0.652024321214535	1.10119040097472	1.46897084869843	0.986790616618723	1.03118164513278	0.976342750881516	0.599498058665376	1.5034965530985	2.21674233177036	0.723045915990483	2.37386367777434	2.25165367991163	2.05238960684898	0.831392753898654
"PC ae C40:2"	0.465800433361522	0.363603333073219	0.270822312881893	0.364215253862639	0.261543671856615	0.365371452800518	0.300734307568581	0.383628157236499	0.412082160713676	0.24471156018879	0.294927962155711	0.356899902266402	0.403850031408825	0.185329580453473	0.248438834445096	0.378667960179051
"PC ae C40:3"	0.450478050685156	0.512350151148627	0.159236281961737	0.261679581220958	0.25302219883873	0.320778873915416	0.216476850706694	0.158178434500357	0.183923676250737	0.263029700010984	0.219203215115731	0.159033117072076	0.320867148242628	0.18281151550166	0.196219206822878	0.188635330716501
"PC ae C40:4"	0.517896534461166	1.15691969614206	0.566977670621335	0.688911550561296	0.761033090289548	0.68758879700255	0.694151817685236	0.501807447380444	0.483090668633264	0.737892247709384	1.19645100323168	0.445662572260119	1.6712752669672	1.01780185352301	1.0554694431521	0.557522199673215
"PC ae C40:5"	0.617492021857544	0.413185605765022	0.594120218682995	0.802128022436486	0.931462550647241	0.831435825664171	0.694151817685236	0.593320641286781	0.521505107343861	1.00092194772037	0.753261957397695	0.525179130796156	0.98528343279331	0.776067618148919	0.680965043033161	0.669306099357068
"PC ae C40:6"	0.530154440602258	0.231383939228412	0.582056863988924	0.763677145195856	0.852802799712921	0.801227949645231	0.625449583628621	0.879375128199304	0.52034103344354	0.836528385213503	0.821812781033887	0.5584651320438	0.902300549627113	0.720670189209022	0.659866203589841	0.634373630705864
"PC ae C42:1"	1.02813187758415	1.8841263622885	0.364313311760943	0.389849172023059	0.342825414488745	1.21694586247732	0.353881318819925	1.38239467086328	1.31656758126318	0.199151058579745	0.508551459068496	1.14836704304371	0.401637154524393	0.350514641292439	0.315955120663721	1.4825339695571
"PC ae C42:2"	0.456607003755702	1.9171812107497	0.23282274559557	0.320423977005254	0.275964626194573	0.571072703786637	0.27675333907712	0.661197977164329	0.622779536671798	0.245650951974544	0.339565707779278	0.623187912247552	0.422659484926496	0.293606373381454	0.289054100373488	0.736376439167379
"PC ae C42:3"	0.441284621079336	0.231383939228412	0.317266228454066	0.355670614475832	0.475891493152637	1.12200682356065	0.295549233300157	0.915737986705133	0.487746964234548	0.410983906267162	0.432029609428096	0.684212247868232	0.4298513348009	0.375191677820211	0.413009782102994	0.842571143867039
"PC ae C42:4"	0.0750796751141927	0.0165274242306009	0.0886656570014216	0.10039951279498	0.108812655459143	0.151039380094702	0.0946276053987344	0.0763620028622414	0.0558755472154136	0.0873634360750767	0.0828986704437674	0.0369844458307152	0.132219393844807	0.0559010419302596	0.0901975386201941	0.0782487297786968
"PC ae C44:3"	0.191529783454573	0.859426059991245	0.0723801281644258	0.0843783139447169	0.0976691907434476	0.268993943597232	0.0680540997730624	0.233328342079071	0.13503257243725	0.0709240798243902	0.0637682080336673	0.17012845082129	0.0597476758796617	0.0498576860459072	0.0522196276222176	0.204005616923031
"PC ae C44:5"	0.378462852106236	1.00817287806665	0.142347585390037	0.147395029422417	0.156664003944188	0.292009468183091	0.121849245307959	0.492716732753986	0.172282937247525	0.128696674648231	0.13311613427028	0.251494231648864	0.105664871231624	0.0725202706122287	0.0896700676341111	0.306008425384547
"PC ae C44:6"	0.140965920622566	1.12386484768086	0.0554914315927264	0.0726294347878576	0.0812817426321309	0.0848697469103566	0.0648134283552975	0.0490898589828695	0.0663522123183037	0.10427248821864	0.0669566184353506	0.17012845082129	0.0851957600506288	0.0478432340844564	0.0743734090377039	0.0824406260168414
"H1"	4601.31304995093	1006.53666306782	2562.86030792311	3731.87232026778	2568.24152350348	6421.33279792507	2864.75418143843	29.7575452582454	25.1451603208365	2167.64701532212	3100.72991273967	39.945050719464	3141.73250989143	2575.47733632783	2582.49847533338	19.4238498688154
"Ala"	1808.04268804944	11420.4666707694	290.727451294845	531.904869908645	119.956775672763	699.097997765766	325.364058477877	96.3621810880893	580.874040334138	85.4851221994626	353.914351689454	323.61575024105	108.984739777493	347.997079953616	271.648085303734	238.939482872981
"ADMA"	8.30626364885793	8.69342514529606	4.45198104984689	2.36152471052872	0.606335580118718	14.673835393772	2.55429721148228	7.15196822045485	13.0387917574968	4.93227657109882	12.0370463689551	32.548161553321	2.09172187500927	9.41806653277284	5.38073152903275	5.50675435817579
"Arg"	1092.48741706315	18180.1831810852	370.345592275713	368.488641635966	167.152626233355	1582.31875374812	465.36106372532	297.569998153678	296.840008655785	123.060793629603	491.015998961838	647.229651259809	461.938602844384	132.954333068743	378.724695478585	849.559034896026
"Asn"	263.54651427176	841.262420761815	70.5712281280499	95.2737972428189	58.602169943993	247.418327768275	64.2955690627387	212.723328306743	580.874040334138	66.6972864843923	164.203932789294	454.910532940089	248.949202717812	10.9289055038609	90.1980660911802	51.4219911533183
"Asp"	156.289835537199	1409.80581429448	38.4827046418211	42.1902250522818	60.9619624720226	215.771981462719	59.564188792802	116.361753266295	70.1948202632637	72.8033330917901	78.5154032440532	73.0461297379541	35.2406176037994	24.375372346545	109.714492576251	55.1946977676483
"Carnosine"	7.67804595912693	763.583526877991	8.6862185474658	49.3463605387325	19.0100953070518	14.673835393772	20.0928109244258	14.3033303932679	54.7126373889929	21.700419946799	22.9573519947206	47.1570176564535	8.40948538006239	29.0589731569181	9.02028133300549	63.9976798677517
"DOPA"	40.7590701574008	276.024512075265	17.9750016619004	22.6443624549613	10.947470836284	30.9285496325352	8.23195353540634	5.64290959246294	42.8390836057174	6.15348589257839	16.2616901511856	37.7259839696211	4.55354740893977	10.0727634202443	17.7235526033751	18.8649303703962
"Dopamine"	260.482037736487	1540.37246571623	93.4916020467847	43.4719209603028	6.18200092551311	34.6685723777374	32.4073623119323	51.0298174841555	63.0939694713049	23.438294750443	109.203853360256	118.35207588058	29.9850350032736	25.0804305330528	38.1894268633958	272.474652778137
"Glutamine"	1314.66196587046	9635.50485386454	729.833562159028	701.729577721429	214.348476793947	468.942751907172	764.799102726795	993.918738540308	1757.75275355879	352.27238935346	692.682956868311	1425.75223599636	202.478788144741	163.674725480868	439.911329864214	533.769518289143
"Glutamate"	3202.37951159873	17023.2634849431	693.643498076815	1228.2929799334	265.477314901255	476.135103340253	745.355074220205	624.229677064377	327.105930064134	1859.99620548785	924.639813590776	1738.27080326591	636.202657493397	518.72188368657	1102.41488838447	565.90738944825
"Gly"	2390.29322975134	25452.2498425496	5543.11208509334	1484.6321615376	812.818081819233	1783.70459387439	978.683416299277	703.015870493674	1967.28605561659	615.302089364444	2200.00397426412	2015.65414699627	1062.18145774654	700.022560217142	891.426493951267	12477.8791995088
"Histidine"	39.8397271968188	953.648905529901	17.8543681149597	69.8534950670687	22.3531347217604	36.3947367216768	21.453892919887	2.7823647233377	145.51040161404	31.2822161614849	4.49645576897396	196.019412125082	36.2364122017937	14.2023899412185	13.0818079258446	16.6292523767191
"Histamine"	0.579186065166629	101.825460684732	3.77643318697891	17.0903468535369	10.0953235344955	41.5732297534952	14.5836695142255	7.69741109804229	3.5166672528701	7.51560398192098	2.40804695587136	63.8000182802753	1.10145946922599	1.21421091976447	3.3024958438657	4.23521249927197
"Ile"	116.758088232175	3900.48864584604	144.157691761883	223.22977206025	144.865696801964	198.510338023324	116.016684890266	141.815754220376	519.178123617119	98.166911307135	303.696887862941	865.437881661029	131.113508621812	163.171112490505	148.747345546394	275.269250270233
"Kynurenine"	217.579366242663	1356.91805675656	15.863914590438	87.4768138023577	97.669846241372	148.163877991757	37.0739291535137	15.8790542618539	100.693556451677	25.7867742148268	79.0733750643478	183.444700542639	136.092481611784	70.0027092734055	30.2246149735423	114.44016460009
"Leu"	134.378828309996	1037.93876910597	83.8409182915279	74.6598547221476	110.779804730425	205.702689456405	39.1479588608833	31.1514548343022	31.3147519925384	23.2504163932923	110.000955960676	180.855789334489	61.4078867622068	43.965917671654	51.8509254029456	84.6777013092644
"Met"	15.7835863949245	2892.31576777938	23.0416106334102	52.1233683394447	157.975655291017	70.3426354858195	37.4628097236455	40.4239837532886	4.3548004611013	60.5912398769945	91.6675961509971	103.188453089987	36.7343095007909	5.99349819830648	43.7278722172673	60.3647031280265
"NTyr"	129.475665853559	2264.27364701655	72.983899066864	106.809060415008	14.6838090056642	47.32711089996	14.5188560858702	51.5146555975665	159.479288417893	52.1367138052129	67.2762565781194	86.9152969244724	46.9135431691777	0.0755419485544049	44.5190786963918	118.49233096363
"Orn"	14.9408553477243	4462.42106968646	5.94783703191169	177.302335356164	130.444742464005	284.818555220297	20.4168780662023	22.1213449720212	199.057801028811	50.7276261265826	132.31982877246	75.265196487797	10.7883280308267	76.0460651577579	87.5607111607652	14.3935743830421
"Phe"	189.999077425204	2214.69137432475	80.8250796180102	226.434011830303	88.4928752990347	330.849604392016	138.053250531067	139.391563653321	533.147010420972	1.36258778523547	98.8415195547847	5.71594610313704	117.283028094113	106.766457569883	1.63041281798257	600.839858099454
"Pro"	252.820846398304	2280.80107124715	191.807942803463	191.187374359725	144.210198877511	159.671640284686	98.5170592343358	150.300421205069	79.6238188558648	58.2427604126107	120.363289766147	229.305413372726	53.4968519003627	55.3979325528873	174.593423864461	173.266441808718
"Putrescine"	8.183684587447	4.56156908764584	4.46404440454096	1.53910316954857	3.71077375032656	2.08722038588013	1.11543910199467	4.73383812981721	16.8802356285565	0.93986148164639	6.36964687996294	28.2949502827887	0.155454601131342	4.02437140598833	4.51040440199579	1.84583164352962
"Ser"	257.417561201214	2941.89804047119	63.9363830463108	161.281136505901	123.889763219479	152.479288851605	12.5744532352113	114.543610341004	175.776323022389	46.7352110371301	200.870652408652	279.234415244192	196.393376712554	11.7346862884413	143.472635685564	264.090860301848
"Serotonin"	10.2828510141091	29.6006167970062	8.20368435970296	1.59250716571611	1.17399678269473	9.62480468774909	4.33666649125296	3.87325047851258	8.92961088936329	3.25076527460003	1.41963973134952	3.27497267830983	0.863575204149555	8.8137309443376	9.3895110232636	1.94364255575299
"Spermidine"	12.4739517368294	108.436430376972	8.62590177399544	6.90086438476982	4.68746565776103	9.62480468774909	9.2041549607358	3.0672071149667	10.4312662207775	7.60954316049633	4.20949883282246	4.25506049282379	5.35571527954634	6.49711118866918	6.80490319145687	14.6730341322517
"Spermine"	33.5575502995088	371.88357261275	13.994094612857	27.343914117705	8.3910289309186	45.457099527359	16.657699221595	19.4547353482604	21.8857533999373	12.1655933214009	25.9863418763198	41.0545840943855	9.84785535494314	15.7132289123066	12.3433485453284	33.6762970785067
"Taurine"	115.225849964539	1051.16070849045	57.9650224727457	47.8510486460413	53.8825848879338	54.6633093617027	44.0737794158859	46.8480887559851	150.166697215324	36.2609926259785	26.3051829164882	113.544097922587	33.0830626414783	42.0018270092395	34.9191067496811	107.313940995245
"Thyr"	180.805647819385	4478.94849391707	75.9997377403817	149.532257349042	176.985095100145	233.033624902113	37.9813171504879	104.240800431019	199.057801028811	80.3184673778182	102.827032556889	665.721874175166	95.1542592497934	77.0532911384833	25.8466057890534	505.823543368179
"Creatinin"	1023.53669501951	4545.05819083947	273.838754723146	237.114811063811	176.985095100145	395.580767289745	9.39859524580169	104.846848072783	45.8656757465523	46.1246063763904	137.899546975406	180.301022647028	339.67715497952	336.413981175273	186.72525654437	820.215761229015
"Trp"	82.7423986906432	897.455663145858	54.7079167053465	13.3520671218089	63.518404377388	129.607611294407	39.2775857175939	7.57620156968953	132.705588710508	10.0989313927431	141.88505997751	120.571142630423	5.5327454303009	57.4123845143381	15.4026802646099	75.874719209161
"Cit"	98.6776766740637	4495.47591814767	134.507008006626	6.09980444225669	187.473061891388	47.9024990146065	35.1943397312101	8.12164444727696	230.487796337482	49.3185384479523	49.899419888945	212.662412748904	72.4722711843663	50.3618026492603	170.373655975797	247.32327534927
"Tyr"	510.236875361251	461.131663457995	17.0702500598451	782.903651896095	39.0027820028582	484.76592505995	229.440184512037	229.086614634366	707.758095469139	343.817863281679	275.798296848211	704.555542297417	2.8772931689826	349.004305934341	170.90112696188	38.9860323134897
